20
-69.44857 -8.59099 -55.83378 18.37848 -64.21798 -2.57839 61.16101 -16.72156 21.98899 -98.01159 -84.36839 52.28242 40.34766 33.10379 -31.95279 -24.35724 45.82884 16.43475 97.07391 -40.10222 -69.42173
35.21703 76.07889 -95.08894 -97.90368 -11.80106 -84.96654 -46.73513 -73.68922 -56.15916 -6.32554 -48.36788 -62.72307 22.39881 -74.50689 -31.11375 61.53709 -32.11898 38.58525 42.35687 -21.03102 18.68138
-79.16449 -51.26614 43.09184 -84.34023 -89.98838 69.52745 36.36640 -62.95886 79.53243 -96.65751 14.25634 2.36837 7.78532 83.84129 -56.95771 -81.22802 -27.19031 -47.71215 4.87571 -49.94205 -13.22998
-41.81907 -98.68493 -0.81069 53.34464 -74.97656 46.08661 90.28638 21.99127 -99.46131 -67.16271 -73.87602 75.81790 -5.98632 -0.46134 -14.61947 10.45510 94.43735 49.72122 -99.73885 58.95806 35.42605
17.04796 12.15651 4.18175 98.51483 24.62983 -71.25269 39.90078 -62.03831 18.47320 -94.58237 47.84703 -5.61737 -64.15625 72.92543 14.37880 56.80993 64.63000 -20.78710 53.79621 -61.83164 3.91621
-93.79242 -11.57888 -96.25219 93.65726 0.57733 -74.49996 -74.66453 55.15858 -59.35298 70.74153 30.21087 69.35544 50.64954 -84.80991 8.44572 80.21616 -72.94377 11.98983 57.36411 -34.93455 -80.72442
-55.13431 24.71810 -67.97587 16.03769 9.27713 34.51684 -61.06083 41.55402 -47.71980 91.63163 -88.14950 -25.07768 82.42867 70.91192 -4.03722 47.39752 -37.27298 -32.03356 99.06085 21.03627 1.10491
-96.20694 99.14099 -5.17258 -14.89913 -23.43575 28.33890 88.73511 -73.78721 -58.46116 -34.76530 58.97557 51.18641 -47.78232 70.35018 -5.24170 51.81489 90.90427 81.07143 -69.45071 -45.64843 -20.87039
0.24791 -19.95908 92.54750 80.79896 13.79981 -45.44000 -95.81143 -38.34495 -66.00356 -92.74239 -90.80131 -82.12523 -38.94862 -93.19724 -34.89218 10.45532 33.20128 30.30254 72.49096 -4.72154 80.68408
41.77770 81.27348 8.83161 76.63178 92.90183 -59.29599 -93.21647 54.45751 -39.99312 18.80593 -82.50412 55.88860 99.11206 52.51930 23.79296 -53.81704 24.42210 -36.38870 65.66957 -17.81030 53.64059
82.90695 -19.03213 -65.61020 43.95670 -97.18119 12.01109 -74.30135 27.80812 19.21718 20.01193 -27.44209 -56.22512 -70.31483 -93.73657 78.27230 74.24015 -61.16313 -16.51329 65.72902 -56.54746 88.89238
-42.90517 -41.13668 7.44145 -95.96944 95.99392 -60.32709 -97.67580 -64.88665 -41.29566 -93.58703 91.86240 61.82642 -94.98001 99.48301 -40.52844 -28.45571 73.26908 -39.65698 -24.06191 -89.24357 15.84161
77.13300 -77.29249 68.84995 45.94695 -28.67656 -6.75432 -49.70236 43.23422 -11.31490 49.53861 -38.28536 -80.48511 -2.28026 -58.89425 92.60063 63.19062 4.40320 -69.56566 -79.56374 -36.06783 -22.03600
27.07356 9.15959 -65.19124 -71.75209 80.69208 82.21173 72.47934 -35.76769 -14.53717 4.20535 28.54410 -96.47490 -26.90184 -19.02603 74.34065 50.89430 60.94745 17.02437 -96.95184 -7.03310 -45.16662
55.92374 -16.61438 69.61208 93.06262 -55.66352 21.38630 4.61904 -89.85264 71.69561 32.52182 -98.06260 -13.22989 13.12345 47.88140 -96.55710 -45.25787 89.72547 -78.40552 -9.12036 -49.85014 37.09666
74.54790 5.95737 -9.05775 -31.00231 -78.23647 -56.97682 -54.81618 -31.64572 -34.72724 79.79415 -19.44326 -47.53682 -13.12737 -79.74126 -8.27538 6.23140 -20.10988 0.15263 74.73798 -89.84351 -92.88702
8.18742 -73.17791 -7.87104 46.12957 -6.75916 89.15155 54.77135 -31.98334 -24.02395 -13.37626 -38.90267 19.59433 -36.92621 -19.34399 62.76165 35.49475 50.00830 -16.58056 90.85911 -32.07615 -63.04623
64.95124 -67.48888 66.88481 -52.71869 74.40322 -0.35300 -48.67718 -7.74140 45.27130 65.15841 58.00080 -0.73368 31.06232 5.60959 82.93785 12.74195 -0.74558 82.10430 -84.15920 -58.84422 -76.66800
81.46368 65.62717 82.42637 -82.98123 -57.55108 -1.91359 37.64433 56.09700 63.75433 67.82765 -4.93333 -51.49708 2.27496 74.55587 -30.34160 -93.22898 -55.60584 -92.32719 -32.15110 88.42310 -94.88369
-13.95700 86.59882 39.97909 -62.51033 -65.55194 89.40282 61.41330 51.35136 -17.71399 78.06343 35.51094 19.21485 -37.23459 37.67792 -65.24249 -94.72037 24.64361 -57.95388 -83.11439 -45.29035 71.00073
0.01
